SampleName	T17100278371-CLN-KY400	T17092877688-CLN-KY400	T17101879938-CLN-KY400	T17101980114-CLN-KY400	T17101579524-CLN-KY400	T17111284474-KY400	T180712132348-KY400-2	T180725135292-KY400-1	T180504116964-KY400-2	T17101879941-CLN-KY400	T17110883446-KY400	T17111184252-KY400	T17112386324-KY400	T18013199287-KY400	T180205100229-KY400	T180210100866-KY400	F180421114485-KY400-3	T180830143481-KY400-1	T180309104769-KY400	T180310105003-KY400	F180421114490-KY400-3	T180324108555-KY400-2	T180403110481-KY400-2	F180615126557-KY400-3	F180615126558-KY400-3	T180414112756-KY400-1	T180421114430-KY400-1	T17111885442-KY400	T180422114759-KY400-1	T181115161258-KY400-1	T180508117793-KY400-2	F180615126565-KY400-3	F180615126568-KY400-3	T181107158930-KY400-1	F180615126571-KY400-3	T180627129058-KY400-1	F180828143004-KY400-3	T190313192418-KY400-1	F180828143006-KY400-3	F180828143011-KY400-3	F181024155343-KY400-3	T181215169860-KY400-1	T190421204815-KY400-1	T190427206997-KY400-1	T17111785252-KY400	T17121389982-KY400	T180301102823-KY400	T180304103469-KY400	T180331110045-KY400-1
Signature.1	3.20E-11	0.592078364	0.075551243	0.437843142	0.058387102	1.76E-06	9.99E-08	6.08E-11	8.97E-09	0.125830262	0.067193215	0.612635068	0.3504312	0.741511435	0.123365832	0.627102641	2.38E-08	0.226912732	0.23615982	0.55648328	0.332326691	0.677319772	0.317523224	0.118052308	0.36189711	0.238279015	2.02E-07	4.09E-10	0.099096565	3.35E-06	0.382635131	0.417647279	0.127750258	1.88E-09	0.61445238	0.111065849	0.567663121	0.365123245	0.263610072	0.69629432	0.323322474	0.380229415	0.869321419	6.99E-09	0.327764615	0.467860867	0.217710934	0.167113343	0.413503923
Signature.2	5.04E-11	2.56E-11	1.57E-08	0.039313375	5.07E-11	6.34E-09	3.29E-13	3.61E-11	3.33E-09	8.36E-12	0.009549807	8.41E-07	0.002461895	3.60E-16	8.18E-13	0.024555225	0.02125782	5.37E-11	5.01E-14	4.57E-12	0.076390813	1.42E-16	4.02E-12	0.041092292	9.01E-14	6.18E-12	6.95E-11	5.98E-12	1.00E-11	0.001024455	0.001905258	0.004666801	7.47E-14	1.15E-10	1.36E-19	1.27E-10	0.008009561	1.04E-06	3.98E-09	8.54E-18	3.80E-13	2.30E-11	3.81E-11	1.65E-11	0.019909008	6.20E-09	7.75E-10	8.05E-12	1.30E-11
Signature.3	0.083362806	1.37E-16	7.66E-08	0.010916797	6.78E-13	5.33E-09	2.20E-12	1.32E-11	2.73E-12	0.012218899	0.000207099	1.35E-09	2.70E-12	5.00E-17	6.03E-14	2.00E-16	2.31E-07	1.67E-11	0.385965215	0.000334491	0.292797952	0.087748274	1.05E-13	0.326324991	2.25E-11	3.36E-10	1.97E-13	7.86E-11	0.651006498	0.050017219	2.28E-08	0.358942982	6.80E-10	4.18E-12	4.05E-13	0.027269731	0.141120794	1.01E-07	6.16E-09	6.85E-11	5.42E-13	1.62E-15	1.76E-10	0.048179018	0.234206067	1.08E-11	0.00116402	8.39E-13	3.60E-10
Signature.4	9.90E-12	1.29E-10	0.015372283	1.66E-08	7.32E-11	1.13E-07	1.09E-10	3.18E-11	1.39E-10	1.42E-10	3.16E-05	3.89E-08	3.92E-11	1.63E-16	4.38E-10	1.38E-11	9.23E-05	0.003332685	2.05E-08	2.13E-14	1.02E-12	1.07E-12	2.61E-17	0.038274218	5.31E-12	1.65E-10	0.067384003	2.29E-11	1.48E-13	4.75E-07	2.24E-07	2.55E-08	4.13E-11	1.17E-10	6.95E-13	3.60E-12	1.29E-10	6.39E-08	5.99E-10	5.35E-12	6.33E-13	4.99E-18	1.61E-10	1.28E-15	9.02E-11	1.25E-09	2.47E-07	7.03E-11	0.147326887
Signature.5	5.64E-12	6.45E-16	1.43E-08	8.56E-07	1.18E-10	2.14E-08	2.58E-16	5.92E-12	8.79E-11	3.98E-10	0.090282352	1.00E-09	3.22E-10	4.20E-16	8.42E-11	5.65E-15	1.08E-07	9.73E-12	5.34E-08	8.39E-14	2.01E-10	1.18E-12	5.02E-13	2.23E-11	3.90E-11	3.08E-11	4.22E-15	2.16E-11	5.50E-14	8.98E-07	5.20E-07	4.22E-07	4.58E-11	8.94E-13	4.30E-10	1.08E-08	1.37E-10	6.70E-09	2.08E-08	7.33E-12	6.99E-18	6.57E-13	2.47E-11	3.35E-09	1.22E-10	5.78E-09	0.195270187	3.98E-15	1.10E-09
Signature.6	0.364303885	1.98E-12	0.374951189	0.389146648	0.004216934	0.898018341	0.648223515	0.263958706	0.749864903	0.314082605	0.002413569	1.76E-07	0.441126245	1.72E-10	0.477394301	0.176633676	2.61E-07	0.116758311	1.57E-11	0.202979451	1.53E-06	2.39E-10	1.79E-07	3.00E-12	2.19E-12	0.698979184	0.413001873	1.01E-09	2.53E-13	0.383804108	0.220094403	3.15E-07	0.335546265	0.026490964	0.239473103	0.58453693	0.122068742	0.543547752	7.12E-08	1.47E-12	0.654940293	0.528534111	0.123873122	0.447032512	5.28E-09	2.55E-07	0.020781993	0.025639324	3.91E-10
Signature.7	1.54E-16	0.244731721	5.44E-07	4.66E-09	0.004661016	1.38E-07	0.011530998	0.007434212	0.01435174	2.51E-12	0.059312584	1.06E-07	1.05E-12	5.40E-10	0.00779875	0.04985531	0.010193712	2.57E-10	1.34E-10	1.20E-12	1.12E-14	8.94E-15	7.47E-17	0.000456952	0.082505245	2.51E-11	7.65E-11	3.38E-11	1.45E-11	1.66E-08	7.54E-09	1.85E-07	4.53E-16	3.84E-10	0.002927009	4.19E-10	5.08E-15	3.22E-07	4.38E-09	0.032457116	2.01E-10	0.02632796	7.80E-11	0.010374039	5.27E-11	0.043741276	0.064320911	3.27E-17	3.67E-10
Signature.8	7.11E-15	7.17E-11	4.98E-08	3.04E-08	8.87E-13	5.93E-10	9.63E-12	1.00E-10	9.28E-11	3.19E-09	5.06E-05	2.05E-08	2.62E-16	1.87E-16	3.02E-09	5.99E-11	1.17E-06	5.69E-11	5.11E-09	5.66E-10	2.27E-14	3.17E-15	3.07E-11	5.11E-10	3.99E-12	1.42E-10	2.56E-15	2.76E-14	2.45E-14	1.42E-10	6.17E-08	2.63E-08	1.97E-11	2.01E-11	1.13E-10	7.31E-08	0.054597997	1.84E-07	2.99E-14	8.95E-11	2.45E-11	4.36E-12	1.93E-10	1.22E-10	2.41E-10	2.50E-08	0.266453694	2.64E-13	0.041838759
Signature.9	2.61E-14	5.09E-16	0.000320589	1.35E-07	1.10E-11	2.07E-08	8.54E-11	2.34E-12	2.43E-12	0.098836901	5.08E-05	2.08E-08	1.79E-17	1.33E-15	1.25E-14	4.42E-17	0.091780061	8.74E-11	1.91E-10	1.54E-12	0	9.60E-17	1.09E-10	0.024621886	0.179136472	2.19E-11	4.21E-09	1.08E-09	0.057143282	2.19E-07	3.80E-08	5.85E-08	1.50E-12	6.37E-12	4.65E-12	2.46E-09	0.106539762	9.08E-10	0.054375018	8.01E-11	4.53E-12	2.34E-11	3.16E-10	1.41E-10	0.116444932	3.02E-10	4.86E-05	3.71E-11	4.75E-10
Signature.10	5.70E-11	4.48E-11	1.01E-08	0.070287985	0.874946943	0.018408528	2.42E-11	1.34E-10	0.021836269	4.05E-11	0.519054704	0.101009576	0.048110389	7.40E-15	0.011616062	5.20E-09	0.0314303	1.32E-10	4.78E-13	1.19E-11	2.96E-11	0.234931953	3.33E-11	0.263926548	1.24E-12	8.65E-14	0.077574848	0.73348953	6.45E-11	5.13E-08	0.012927032	1.07E-08	1.96E-11	0.697975855	1.37E-11	2.29E-09	4.25E-12	1.15E-06	4.21E-09	0.000135693	0.02173723	1.10E-10	0.00680544	5.14E-15	1.16E-10	0.137261612	0.006241974	2.47E-10	6.61E-10
Signature.11	1.44E-15	0.011560277	1.05E-06	1.18E-08	1.43E-12	6.74E-07	4.50E-11	1.13E-10	2.20E-09	6.13E-11	4.34E-05	4.74E-14	1.04E-15	1.17E-15	2.02E-14	1.94E-12	7.82E-09	5.91E-10	0.060234615	2.35E-17	7.72E-11	4.98E-18	6.21E-11	7.67E-14	3.21E-11	1.20E-10	2.01E-10	7.63E-12	1.93E-11	3.37E-09	3.52E-08	2.32E-08	0.273356187	0.033750162	8.64E-12	1.88E-11	1.76E-08	6.17E-09	2.25E-08	2.47E-10	6.33E-12	3.42E-09	2.45E-10	8.75E-11	3.36E-12	1.04E-09	0.002834354	2.88E-13	0.112743383
Signature.12	1.13E-10	2.17E-10	3.29E-07	5.25E-11	2.40E-12	3.86E-08	0.159402632	1.40E-11	1.79E-10	0.240295038	4.11E-06	5.93E-08	4.85E-19	2.34E-18	1.47E-08	5.87E-15	0.166613293	1.46E-11	2.83E-09	3.32E-12	1.21E-13	4.53E-11	1.17E-14	8.75E-12	8.33E-13	1.86E-11	0.083414835	1.24E-11	1.84E-14	4.12E-08	5.03E-07	6.84E-09	2.08E-13	2.61E-10	1.90E-13	4.10E-10	1.60E-11	1.76E-09	8.45E-14	4.26E-11	4.49E-12	4.64E-12	1.70E-12	0.030675599	1.95E-12	5.84E-07	0.00545578	9.29E-11	4.12E-12
Signature.13	0.037761778	5.87E-12	0.079867947	3.04E-08	6.13E-13	1.46E-08	8.16E-13	4.86E-13	4.25E-11	0.032612325	7.83E-06	0.00382871	2.89E-15	1.31E-15	1.24E-11	0.083897728	9.07E-09	6.16E-11	0.067424784	0.076738896	0.076908354	4.86E-14	0.054485627	7.99E-11	7.92E-11	5.62E-10	3.58E-10	0.003871628	0.008356184	2.94E-09	2.47E-09	1.66E-10	0.071086971	0.006519891	6.62E-12	1.18E-10	8.08E-12	1.20E-08	0.035401623	8.72E-13	8.07E-16	2.30E-12	2.52E-10	1.14E-13	0.133826357	2.52E-09	0.156597556	1.44E-12	6.16E-11
Signature.14	5.38E-15	4.28E-11	0.000153964	0.008259085	1.84E-09	5.15E-05	5.36E-14	0.016713644	0.172324416	0.024682012	1.38E-05	7.92E-05	3.47E-11	4.50E-12	3.35E-08	5.78E-10	1.92E-08	0.319311072	9.59E-13	7.02E-10	1.59E-12	3.82E-11	1.35E-10	0.066577826	1.26E-13	4.39E-10	0.145256843	5.22E-08	4.89E-13	0.206411124	2.31E-06	1.43E-07	5.07E-13	1.71E-09	3.50E-10	7.87E-10	5.91E-12	0.0815486	6.03E-10	0.090125381	1.55E-09	8.23E-10	1.14E-08	1.36E-12	3.47E-09	9.76E-10	9.59E-09	4.11E-10	0.149345416
Signature.15	1.69E-11	4.38E-13	0.028598452	4.90E-07	0.016859288	5.15E-06	0.098470428	0.336659977	2.46E-09	1.98E-10	0.150092476	0.011447362	0.088313173	3.40E-16	0.104057461	3.30E-08	0.052252769	0.055990903	1.16E-14	9.78E-10	0.221574657	2.73E-11	0.308309797	0.101343808	0.202310842	0.043371269	4.23E-08	0.242925815	0	1.32E-05	0.085660593	9.34E-08	2.96E-12	0.164995762	0.070162626	2.22E-06	4.79E-12	1.31E-06	0.052298642	8.80E-11	1.91E-10	0.064908508	3.32E-09	0.189706845	1.62E-10	1.65E-09	3.47E-10	0.611597453	3.12E-09
Signature.16	4.73E-13	1.11E-16	0.059564627	4.74E-07	8.84E-12	4.65E-07	6.06E-12	4.86E-10	4.12E-10	3.11E-11	4.25E-06	3.29E-08	6.48E-12	3.41E-10	0.112752865	3.92E-09	1.95E-06	8.81E-11	1.17E-13	5.24E-15	2.96E-17	7.42E-13	1.31E-12	6.48E-10	5.83E-12	2.36E-10	6.47E-16	5.78E-10	2.28E-11	1.42E-07	4.50E-10	3.07E-07	5.47E-13	6.99E-14	4.35E-12	5.83E-13	1.05E-11	5.67E-08	2.13E-08	1.07E-16	3.91E-12	4.48E-18	3.29E-12	8.57E-10	3.23E-13	0.248469948	1.66E-10	2.28E-11	2.27E-07
Signature.17	4.95E-10	2.12E-17	1.42E-08	0.011486543	4.11E-12	1.23E-09	1.15E-10	2.18E-10	3.52E-10	2.96E-13	0.068798193	2.31E-08	4.36E-11	6.85E-17	5.91E-14	2.40E-09	2.45E-09	4.27E-09	9.65E-14	1.12E-13	8.34E-15	8.96E-18	0.070772657	1.23E-10	6.69E-12	9.68E-12	0.213367007	1.53E-10	6.31E-13	5.95E-08	2.09E-07	0.024322593	8.66E-17	5.37E-10	6.59E-10	8.27E-11	2.77E-14	8.11E-09	2.35E-09	4.30E-11	1.80E-15	2.77E-10	1.13E-10	0.0282597	1.92E-13	1.98E-09	5.25E-08	0.149142006	8.12E-12
Signature.18	2.00E-16	1.95E-12	1.10E-07	1.12E-08	1.57E-10	1.35E-07	2.11E-11	1.10E-12	2.03E-11	8.78E-12	9.33E-09	0.00101581	5.57E-11	1.39E-14	1.60E-09	2.16E-08	3.15E-08	9.71E-09	7.98E-10	8.05E-13	1.88E-16	3.91E-12	4.68E-12	4.72E-10	5.84E-11	1.06E-10	6.88E-10	0.00435353	9.12E-12	3.82E-09	5.26E-10	9.47E-12	2.51E-11	1.28E-10	3.82E-13	4.90E-08	6.54E-10	1.16E-05	1.59E-08	0.003260098	3.69E-12	6.11E-11	2.87E-11	0.019557215	1.01E-10	2.15E-11	0.007267988	1.29E-10	5.31E-10
Signature.19	7.74E-15	9.12E-16	5.10E-07	1.89E-07	9.63E-14	7.90E-09	1.00E-10	6.17E-11	7.10E-14	8.75E-12	2.26E-05	2.88E-07	1.28E-16	4.71E-15	1.92E-15	6.80E-15	7.62E-10	2.94E-10	5.28E-09	1.65E-14	8.90E-14	9.21E-17	4.50E-17	4.26E-10	0.021272004	3.85E-11	3.52E-14	4.54E-11	3.17E-14	7.45E-11	3.83E-08	3.44E-07	1.58E-10	5.19E-11	1.44E-12	5.64E-09	4.04E-09	1.19E-12	6.69E-13	2.11E-13	8.06E-12	1.28E-10	8.37E-10	6.89E-15	0.016614141	8.37E-08	7.19E-10	2.27E-11	1.93E-11
Signature.20	1.27E-10	3.52E-12	1.17E-05	5.23E-07	3.20E-11	1.39E-07	0.082372272	0.309173536	2.03E-11	3.72E-12	3.26E-06	2.84E-08	8.01E-13	2.22E-14	9.66E-09	1.54E-11	3.00E-07	0.233702278	5.16E-09	6.15E-16	5.00E-15	4.18E-11	0.21997176	7.68E-11	5.91E-12	3.85E-10	2.88E-10	1.04E-10	0.18439747	0.138737974	0.004441048	0.194417411	9.81E-11	1.76E-11	2.38E-10	0.109207073	1.12E-10	1.02E-05	1.30E-08	0.17772739	8.56E-17	3.93E-10	4.14E-11	0.078302998	4.25E-13	3.20E-07	2.95E-08	0.033729704	1.24E-10
Signature.21	0.302216134	4.20E-12	2.17E-07	0.032698659	0.029473006	1.39E-07	2.47E-08	2.87E-09	2.67E-15	9.47E-10	1.60E-05	0.0026418	6.45E-13	3.16E-17	3.34E-10	1.33E-12	3.25E-07	2.63E-11	8.53E-14	0.044570544	4.10E-14	3.15E-12	3.93E-15	5.98E-12	5.29E-07	7.53E-10	9.58E-12	0.00351346	4.01E-10	5.66E-06	5.23E-10	4.95E-09	1.72E-14	7.87E-10	0.072984864	0.061437845	2.37E-13	0.005350396	0.046820577	7.74E-11	2.80E-12	1.17E-10	1.19E-11	2.04E-10	2.34E-15	6.96E-09	0.000788297	7.44E-11	1.90E-10
Signature.22	1.35E-15	6.32E-12	3.24E-07	7.92E-11	2.03E-13	4.36E-08	1.98E-10	3.87E-14	0.032214894	6.51E-11	0.032745652	0.001188928	9.48E-16	0.085170519	2.48E-10	2.84E-13	0.0123305	5.89E-11	3.15E-12	4.22E-15	1.40E-12	3.55E-20	1.82E-12	3.81E-12	2.23E-12	4.57E-14	1.61E-07	1.80E-13	7.88E-11	1.16E-08	6.66E-08	2.72E-09	7.57E-11	2.10E-13	2.16E-12	9.01E-10	1.25E-12	0.004393771	0.056093221	6.64E-13	1.96E-15	2.16E-11	3.55E-13	2.96E-12	3.63E-14	4.68E-11	1.12E-09	0.010033118	0.135241385
Signature.23	6.21E-17	0.035683934	2.98E-07	2.31E-07	2.51E-11	0.064733165	2.90E-11	0.049015274	0.009407733	1.14E-10	3.06E-05	0.057911709	4.13E-11	6.65E-15	1.03E-11	6.68E-11	3.22E-09	0.043991956	0.014513056	1.29E-11	3.05E-14	1.75E-11	1.71E-18	1.69E-11	4.03E-11	6.49E-11	1.41E-12	5.39E-13	0	2.69E-07	0.027265418	5.78E-08	0.011535802	4.34E-10	1.51E-08	2.07E-10	2.21E-11	5.86E-08	0.062476249	8.94E-11	8.37E-13	1.17E-12	1.48E-10	6.80E-14	8.24E-12	1.47E-16	0.001478297	2.82E-11	3.32E-10
Signature.24	4.35E-11	0.115945697	5.47E-06	2.12E-07	0.011455703	3.23E-10	6.47E-11	9.38E-13	8.77E-17	1.90E-10	2.06E-05	0.066949561	1.19E-15	1.65E-09	7.45E-09	7.08E-10	2.21E-07	9.72E-09	0.079088833	9.91E-16	2.73E-10	1.13E-12	1.22E-11	8.26E-11	6.18E-13	0.019370528	1.76E-07	5.16E-11	2.20E-11	0.068501012	5.15E-08	1.06E-08	0.180724516	1.44E-10	1.36E-12	9.71E-10	8.25E-13	2.78E-07	9.98E-10	1.79E-10	1.24E-14	4.97E-12	4.72E-10	2.82E-10	0.151234851	8.33E-09	0.000180276	3.79E-18	1.21E-13
Signature.25	1.89E-10	3.23E-11	1.17E-07	2.28E-09	1.81E-12	4.24E-09	7.73E-13	1.72E-11	2.59E-09	1.95E-10	5.68E-07	0.004322921	2.06E-11	2.80E-09	0.028370764	5.52E-09	4.06E-08	8.52E-11	0.125264348	3.38E-10	7.92E-16	8.82E-15	4.36E-13	4.52E-12	0.124410898	1.06E-11	2.03E-12	6.15E-11	1.28E-17	1.89E-09	0.024401759	2.13E-09	2.87E-14	5.11E-12	1.60E-11	1.76E-08	1.09E-09	8.21E-09	6.99E-12	1.76E-15	1.81E-12	3.37E-12	4.53E-11	3.36E-11	1.16E-11	4.88E-09	0.013724483	4.08E-09	1.02E-08
Signature.26	0.165527337	2.99E-10	0.000371315	4.38E-05	2.59E-09	2.44E-07	2.97E-08	2.19E-10	2.83E-11	0.151441952	2.44E-05	0.001941092	4.99E-12	4.17E-11	3.53E-14	0.037955346	1.75E-07	1.23E-10	1.08E-13	0.118893335	5.90E-17	4.31E-14	8.12E-11	1.10E-10	0.006140133	3.27E-15	2.25E-10	4.92E-10	9.77E-10	0.023436363	0.065220708	1.65E-08	1.24E-13	1.36E-10	4.07E-10	3.17E-06	2.35E-13	7.21E-06	1.26E-10	3.17E-12	6.33E-13	4.45E-11	4.83E-10	0.14791206	3.20E-13	0.045687567	0.013078892	1.69E-08	8.63E-14
Signature.27	0.04682806	7.79E-16	4.22E-08	2.77E-09	2.08E-12	2.01E-08	2.62E-17	0.017044647	1.49E-11	3.67E-11	4.68E-06	7.00E-09	1.13E-12	0.053479502	5.41E-12	2.95E-15	1.28E-08	8.13E-12	0.028354422	3.92E-13	3.99E-16	5.00E-17	0.028936757	4.21E-12	6.81E-15	5.55E-11	6.01E-15	1.41E-10	0	1.19E-09	1.06E-09	1.74E-08	2.14E-10	4.15E-13	9.28E-14	2.16E-09	2.84E-11	7.89E-08	1.26E-12	8.10E-12	3.40E-13	1.37E-11	2.19E-10	6.00E-15	4.06E-12	0.056977413	4.73E-08	3.30E-14	1.43E-10
Signature.28	2.45E-12	2.35E-13	0.005168738	1.85E-08	2.52E-11	1.71E-08	1.79E-15	1.26E-11	2.38E-12	2.76E-11	3.13E-06	9.57E-08	0.016913525	2.04E-09	3.24E-13	1.09E-09	2.81E-11	8.87E-11	0.00299481	3.96E-12	8.46E-14	4.46E-15	1.28E-16	0.019329168	0.022326766	2.45E-14	1.97E-10	2.72E-11	1.82E-16	0.128043095	3.83E-09	7.30E-09	5.66E-17	0.070267358	1.71E-11	7.20E-07	2.24E-10	4.36E-07	1.67E-09	1.09E-15	5.35E-12	6.54E-11	1.22E-12	6.84E-11	2.36E-11	7.76E-11	0.003307589	0.002745029	7.25E-11
Signature.29	2.64E-11	4.29E-14	0.36005873	8.54E-08	2.37E-09	0.018778788	1.64E-10	1.20E-11	2.57E-12	6.62E-11	2.37E-06	1.13E-08	1.24E-11	2.17E-12	0.134643894	2.52E-12	0.614043728	2.14E-13	2.06E-10	2.91E-14	3.14E-11	5.53E-12	2.54E-12	1.42E-10	1.11E-11	1.16E-10	2.67E-09	0.011845979	3.19E-14	1.34E-07	0.17544455	3.40E-08	8.89E-11	1.32E-10	5.56E-13	0.106476275	1.10E-17	2.08E-06	0.428924406	2.44E-11	3.82E-11	2.56E-10	2.23E-10	8.55E-11	2.01E-08	5.40E-09	0.000272515	7.66E-16	6.45E-13
Signature.30	1.16E-11	6.47E-09	4.67E-09	6.65E-07	4.61E-11	4.84E-07	1.43E-12	8.76E-11	2.38E-08	1.56E-11	1.56E-05	0.135026542	0.052643572	0.119838536	9.55E-17	4.61E-15	6.12E-07	3.71E-08	3.20E-09	5.10E-12	2.17E-14	5.19E-11	5.56E-16	1.34E-10	3.19E-13	7.97E-12	1.26E-09	1.03E-11	3.74E-17	1.04E-07	4.74E-09	8.20E-07	1.26E-12	2.41E-09	6.64E-12	2.05E-08	3.33E-13	3.39E-10	2.43E-09	2.62E-11	3.10E-11	1.76E-10	5.62E-11	1.24E-09	7.27E-13	1.41E-10	0.023021274	2.51E-11	1.17E-09
